"hns_roce_hem_list_release"
"hem_list_alloc_root_bt"
"hem_list_alloc_mid_bt"
"dev_err"
