"auxdev","edev_info"
"auxdev","auxiliary_get_drvdata"
"rcfw","bnxt_qplib_rcfw_stop_irq"
"rcfw","re_dev->nqr[idx].nq"
"rcfw","re_dev->rcfw"
"nq","bnxt_qplib_nq_stop_irq"
"nq","re_dev->nqr[idx].nq"
"nq","re_dev->rcfw"
"auxiliary_get_drvdata","edev_info"
"BNXT_RE_NQ_IDX","idx"
"handle","auxdev"
"handle","edev_info"
"handle","auxiliary_get_drvdata"
"edev_info->rdev","re_dev"
"re_dev->nqr[idx].nq","rcfw"
"re_dev->nqr[idx].nq","nq"
"re_dev->nqr[idx].nq","bnxt_qplib_rcfw_stop_irq"
"re_dev->nqr[idx].nq","bnxt_qplib_nq_stop_irq"
"re_dev->nqr[idx].nq","re_dev->rcfw"
"re_dev->rcfw","rcfw"
"re_dev->rcfw","nq"
"re_dev->rcfw","bnxt_qplib_rcfw_stop_irq"
"re_dev->rcfw","bnxt_qplib_nq_stop_irq"
"re_dev->rcfw","re_dev->nqr[idx].nq"
